           1 -0.10888957368276946        1.8884459778218483     
           2 -0.10888957368276946       -1.8884459778218483     
           3 -0.10796042144758730        1.8879210405896447     
           4 -0.10796042144758730       -1.8879210405896447     
           5  -1.9792565145057207E-002  0.31209880192860751     
           6  -1.9792565145057207E-002 -0.31209880192860751     
           7  -7.8141870759465881E-002  0.92092323426694800     
           8  -7.8141870759465881E-002 -0.92092323426694800     
           9  -7.7988326147380563E-002  0.92079184956988258     
          10  -7.7988326147380563E-002 -0.92079184956988258     
          11  -7.6711883209982110E-002  0.42418429135375746     
          12  -7.6711883209982110E-002 -0.42418429135375746     
          13 -0.12449110661730052       0.71766416281030221     
          14 -0.12449110661730052      -0.71766416281030221     
          15  -1.2337004528298621E-003   0.0000000000000000     
          16  -4.9348006446177251E-003   0.0000000000000000     
          17  -1.1103297075150202E-002   0.0000000000000000     
          18  -1.9739183911556459E-002   0.0000000000000000     
          19  -3.0842452989457560E-002   0.0000000000000000     
          20  -4.4413093815019927E-002   0.0000000000000000     
          21  -6.0451093566876973E-002   0.0000000000000000     
          22  -7.8956437099509919E-002   0.0000000000000000     
          23  -9.9929106945397098E-002   0.0000000000000000     
          24 -0.12336908332128657        0.0000000000000000     
          25 -0.30287985175291465        4.7126848272507411     
          26 -0.30287985175291465       -4.7126848272507411     
          27 -0.12354205854834352        8.8039577868601810     
          28 -0.12354205854834352       -8.8039577868601810     
          29 -0.12754579279975625        9.8098069482776111     
          30 -0.12754579279975625       -9.8098069482776111  