           1   1.7188696508740017E-003  0.25292832811752747     
           2   1.7188696508740017E-003 -0.25292832811752747     
           3  -4.1924432835692534E-002  0.95772196742383742     
           4  -4.1924432835692534E-002 -0.95772196742383742     
           5  -4.1954965940378369E-002  0.95774145371788588     
           6  -4.1954965940378369E-002 -0.95774145371788588     
           7  -7.0978760598934043E-002   2.9270200262216672     
           8  -7.0978760598934043E-002  -2.9270200262216672     
           9  -7.0325605919922110E-002   2.9266445784282555     
          10  -7.0325605919922110E-002  -2.9266445784282555     
          11  -5.8521822400583137E-002   1.9402045830469523     
          12  -5.8521822400583137E-002  -1.9402045830469523     
          13  -5.8704582565295794E-002   1.9402992597982305     
          14  -5.8704582565295794E-002  -1.9402992597982305     
          15  -5.5139615877686857E-002  0.30635901949934413     
          16  -5.5139615877686857E-002 -0.30635901949934413     
          17  -7.5369149027279023E-002  0.92386545149882260     
          18  -7.5369149027279023E-002 -0.92386545149882260     
          19  -3.5248586325158001E-004   0.0000000000000000     
          20  -1.4099433588362911E-003   0.0000000000000000     
          21  -3.1723722001797965E-003   0.0000000000000000     
          22  -5.6397719113752461E-003   0.0000000000000000     
          23  -8.8121418255997994E-003   0.0000000000000000     
          24  -1.2689481085902270E-002   0.0000000000000000     
          25  -1.7271788644792542E-002   0.0000000000000000     
          26  -2.2559063264364888E-002   0.0000000000000000     
          27  -2.8551303516629916E-002   0.0000000000000000     
          28  -3.5248507783586784E-002   0.0000000000000000     
          29  -4.2650674257165941E-002   0.0000000000000000     
          30  -5.0757800969370076E-002   0.0000000000000000